93
55
53
60
85
77
93
78
7
77
97
37
72
92
9
5
71
58
50
91
8
85
61
68
2
99
19
39
33
55
25
52
4
22
19
68
72
9
11
33
67
36
76
26
10
7
81
6
10
64
23
84
52
98
33
42
87
4
44
14
61
70
4
19
95
88
87
81
2
33
44
28
80
22
78
10
27
12
69
55
44
42
6
100
59
90
22
89
57
17
38
84
78
60
85
10
71
74
10
67
19
82
96
50
60
38
94
91
28
12
5
29
52
15
26
84
28
84
58
30
15
38
65
35
7
55
68
41
19
75
2
63
27
36
53
78
80
70
44
94
3
88
29
93
58
54
43
58
17
16
78
4
92
50
47
68
56
43
48
11
43
65
92
46
88
7
53
88
18
37
49
5
28
25
61
53
89
87
25
6
50
24
12
81
11
81
48
44
27
26
96
84
37
14
6
40
45
39
66
81
46
77
16
31
98
81
94
50
56
41
41
96
53
63
78
7
86
1
77
58
69
86
59
78
81
46
89
38
76
32
13
40
20
49
62
75
78
62
16
64
64
5
87
12
21
45
7
71
27
45
11
26
36
84
0
95
65
8
25
58
62
4
2
8
15
68
44
51
88
40
53
55
48
11
32
23
99
10
0
98
88
46
63
16
92
81
52
69
31
77
11
16
92
63
92
97
79
60
40
14
8
80
40
24
28
56
94
68
98
10
97
63
24
16
43
87
14
87
99
37
49
73
35
30
82
9
80
6
100
41
28
18
8
2
13
95
95
30
32
75
29
30
80
38
89
31
78
57
52
32
85
39
7
24
86
45
30
70
15
95
21
28
11
100
3
71
31
29
17
87
77
97
70
23
1
57
45
54
31
6
83
64
44
42
41
31
92
88
87
46
41
44
63
67
52
85
33
97
21
60
80
26
69
73
43
83
33
5
5
79
59
93
10
65
62
88
71
72
80
37
54
93
52
76
71
91
47
21
69
73
45
57
35
9
39
27
36
29
42
42
98
96
92
96
82
7
53
66
79
24
57
34
12
23
87
72
1
98
9
42
47
41
97
4
93
95
4
73
35
25
92
41
53
91
34
92
33
19
71
13
2
19
29
2
68
38
39
36
17
63
93
40
17
68
19
23
24
1
88
55
85
19
66
54
26
59
98
45
52
85
36
38
60
12
26
1
27
75
99
70
21
65
29
82
30
58
56
96
2
100
71
18
79
10
23
9
28
53
51
31
76
62
0
66
89
87
71
3
99
90
10
81
1
45
98
36
39
87
9
34
52
15
60
89
70
37
71
23
97
46
3
80
8
36
21
16
24
76
58
97
11
57
70
6
16
86
11
37
32
64
45
65
41
78
93
97
4
95
67
47
84
33
5
48
61
85
76
0
93
16
68
8
73
3
26
77
90
21
39
64
87
12
7
39
83
74
51
6
90
75
42
30
70
43
79
14
21
80
88
43
31
19
1
61
35
55
32
87
46
64
44
48
52
83
65
68
77
42
17
89
75
34
56
17
6
90
70
97
50
6
86
32
36
77
37
44
98
19
98
5
55
65
53
7
52
83
78
84
59
79
43
6
67
81
70
61
81
31
31
2
94
14
88
93
34
79
23
20
33
86
86
6
14
95
43
4
17
42
98
29
95
83
45
27
65
95
50
65
0
72
21
95
30
83
5
85
77
68
79
48
34
57
20
17
51
45
63
30
40
94
82
64
78
11
32
64
23
64
88
55
17
80
37
92
37
23
80
27
63
16
38
38
89
0
26
6
47
67
71
6
57
83
40
3
74
73
52
41
39
53
59
66
59
25
67
84
86
0
34
47
86
20
3
24
79
24
97
83
95
22
4
28
52
3
5
79
71
37
60
81
61
93
93
63
99
57
70
79
56
78
57
52
1
31
36
69
5
86
73
27
71
67
70
13
88
56
26
22
67
71
23
18
30
97
76
82
45
91
78
77
82
88
12
28
27
1
62
92
40
15
68
47
42
57
59
88
61
33
89
81
79
6
37
41
38
1
78
97
53
30
27
59
18
36
69
66
63
60
10
13
93
71
97
57
90
80
90
97
85
29
59
50
77
22
78
52
17
31
0
13
70
11
12
15
36
14
59
5
35
16
72
42
17
18
42
83
66
11
76
32
91
73
54
34
37
60
73
61
49
92
58
86
95
69
61
82
38
53
58
13
71
80
84
68
35
30
47
90
66
97
13
97
63
89
37
36
34
63
100
97
3
82
72
56
71
33
44
18
2
93
94
81
92
13
44
93
81
16
21
42
